1
0.026,0.0115,0.0077,0.1042,0.0092,0.008,0.0152,0.0065,0.0073,0.0071,0.0069,0.0095,0.006,0.007,0.006,0.0036,0.0037,0.0031,0.0044,0.007,
0.1446,0.1173,0.087,0.475,0.3639,0.1261,0.0904,0.3945,0.0722,0.074,0.3471,0.1027,0.3016,0.3944,0.1336,0.0904,0.0848,0.0663,0.0764,0.0826,
5000
3.9767,3.4106,4.8451,3.7203,3.5775,4.16,3.0945,6.0367,4.1806,4.1848,4.163,5.6743,3.0757,4.0348,3.9538,4.0054,3.5221,4.8811,4.2627,3.6081,
6.9506,6.8581,11.9593,7.4348,910.1016,7.3903,8.7502,8.0014,7.3853,9.3867,7.0232,10.1847,7.1624,6.4277,8.3521,7.1314,909.4795,7.6445,9.1918,7.3889,
500
0.9332,0.4777,0.5764,0.3869,0.3117,0.5238,1.0046,0.3231,0.3434,0.3475,0.3887,0.4492,0.4658,0.8985,0.5341,0.7569,1.1604,0.6908,0.6842,0.6514,
1.2902,1.0157,1.275,0.7731,1.0063,1.3101,1.3962,1948.0436,0.8714,0.9096,0.9021,0.8724,0.946,1.9508,1.085,3.948,1.9502,2.974,1.1265,1.9636,
50b
0.0038,0.0113,0.0544,0.0044,0.0081,0.009,0.0039,0.0043,0.0059,0.004,0.0026,0.0044,0.0045,0.0053,0.0046,0.0057,0.0073,0.0046,0.0046,0.0047,
0.0359,0.075,0.0576,0.0681,0.2717,0.1439,0.0923,0.0793,0.0876,0.0845,0.0571,0.0495,0.05,0.1841,0.0785,0.0739,0.3883,0.0552,0.0556,0.3653,
5
0.0231,0.024,0.027,0.0399,0.0211,0.0198,0.1299,0.015,0.0163,0.007,0.0285,0.0342,0.0173,0.0345,0.0307,0.0169,0.0129,0.1897,0.0177,0.0076,
0.7415,0.2343,0.0964,0.1452,0.1185,0.4716,0.2443,0.2737,0.1017,0.0968,0.3064,0.1374,0.0573,0.1298,0.0911,0.4995,0.0895,0.2449,0.4777,0.0866,
50
0.1016,0.1894,0.3864,0.0776,0.088,0.1017,0.1046,0.1288,0.0634,0.1184,0.3311,0.1483,0.3653,0.0531,0.1527,0.1281,0.1487,0.0858,0.3352,0.0363,
0.2148,0.2343,0.5063,0.1447,0.1738,0.1545,0.5322,0.2819,0.1594,0.1648,0.8085,0.2031,0.4211,0.2506,0.2061,0.2987,0.7231,0.3371,0.3992,0.4091,
10000
10.3315,5.6157,6.3036,6.8569,906.63,10.1308,6.5952,6.255,6.9766,909.4547,9.1226,8.6013,7.842,6.1543,910.775,7.0871,7.4342,7.1966,8.3741,911.1516,
17.3433,1025.0102,25.1262,17.1413,918.1163,17.2262,15.8777,21.352,18.672,919.8102,16.8861,19.0983,18.5788,21.0565,919.0319,14.1467,17.509,14.6445,19.3707,919.5734,
