5
0.0159,0.0148,0.0123,0.0065,0.0146,0.0149,0.0144,0.019,0.0191,0.0183,0.0248,0.0198,0.08,0.0154,0.012,0.0987,0.0166,0.0199,0.0153,0.0182,
0.1614,0.6424,0.1864,0.0886,0.0909,0.0711,0.0779,0.1515,0.2096,0.3239,0.2221,0.1751,0.1032,0.077,0.4044,0.1953,0.0902,0.0722,0.107,0.4004,
1
0.0053,0.012,0.0719,0.0079,0.0085,0.007,0.0242,0.01,0.0056,0.0062,0.0064,0.0068,0.0096,0.0028,0.0028,0.0116,0.0051,0.0033,0.003,0.0037,
0.0576,0.0914,0.2878,0.246,0.085,0.1065,0.119,0.0742,0.2423,0.0576,0.0726,0.1103,0.0768,0.0969,0.0915,0.1556,0.0911,0.0984,0.0775,0.0743,
50b
0.0055,0.1286,0.0033,0.0032,0.004,0.0047,0.0022,0.0055,0.0078,0.0037,0.0039,0.006,0.0048,0.0068,0.0167,0.0043,0.0044,0.0053,0.0033,0.0071,
0.2628,0.2104,0.2992,0.1691,0.176,0.1033,0.0632,0.1489,0.1439,0.2158,0.0994,0.1074,0.1969,0.476,0.2902,0.0954,0.0629,0.1057,0.0678,0.1812,
500
0.6177,1.3642,0.8107,0.5726,0.6946,0.5419,0.6645,0.7142,0.7256,0.456,0.5063,1.1947,0.8194,1.1972,0.8388,1.202,0.763,0.5572,0.597,1.2012,
1.4952,1.6538,1.8543,0.865,1.1151,2009.5499,1.1516,1.1663,0.9916,0.8804,0.9116,1.4413,1.4408,1.5527,901.4769,1.4681,0.9355,1.338,1.2962,1.4826,
5000
5.706,4.4639,3.5604,4.4726,4.4564,4.2344,4.1124,4.7573,4.3002,904.5317,5.102,3.571,7.4027,5.0652,4.3098,5.9709,4.3923,3.9934,5.2854,5.0409,
8.1966,7.9564,9.0022,9.2935,9.8607,7.1615,9.3033,8.724,7.4893,909.6839,8.7916,9.782,10.2143,9.5516,8.9324,10.2152,8.6033,9.2754,909.6195,8.8987,
50
0.2668,0.2262,0.8106,0.1523,0.1074,0.1141,0.315,0.1355,0.1444,0.1075,0.2776,0.1071,0.1133,0.1078,0.1105,0.1459,0.1877,0.1259,0.3588,0.1574,
0.3642,0.3342,1.011,0.216,0.1889,0.314,0.4643,0.1906,0.203,0.2613,0.3617,0.1997,0.5358,0.4034,0.1746,0.3246,0.4221,0.7887,0.4395,0.2446,
10000
8.5573,5.6107,7.674,8.8291,6.5373,908.0242,8.4803,7.3807,7.038,8.1017,8.0697,7.3377,6.5612,6.9097,7.0099,7.3646,6.9473,6.8716,7.5751,7.6424,
13.9213,997.4163,16.69,16.9326,21.0319,916.7794,19.4408,17.2511,17.2995,16.9622,914.3341,14.7292,15.0677,14.8613,18.0018,916.8013,17.6711,17.7968,17.7441,13.7493,
