50b
0.0061,0.0062,0.0118,0.0049,0.0067,0.0071,0.0095,0.0049,0.0064,0.0053,0.005,0.0208,0.0036,0.0067,0.0033,0.0038,0.0054,0.0106,0.0044,0.0086,
0.0785,0.1077,0.3471,0.0851,0.1097,0.1192,0.4892,0.0614,0.0664,0.0611,0.1932,0.2338,0.0808,0.5042,0.1456,0.0766,0.0665,0.1436,0.0926,0.2951,
5000
4.97,4.5222,5.7606,5.8441,3.498,7.0138,8.4087,3.8115,4.9086,7.4834,6.2307,4.7763,4.4538,6.8676,8.5134,7.1015,7.3576,8.1484,3.9931,908.737,
8.3995,909.8321,9.4027,11.68,8.1197,11.6512,9.324,10.4136,7.0158,9.9652,912.0718,10.385,11.4008,11.8227,10.7676,10.2798,13.0425,8.9682,9.4465,913.4205,
50
0.2049,0.1207,0.1199,0.1497,0.1406,0.089,0.1868,0.127,0.1174,0.331,0.2005,0.1452,0.0378,0.1081,0.1702,0.0373,0.1441,0.0503,0.1788,0.0287,
0.4871,0.2377,0.2923,0.283,0.2965,0.2105,0.6462,0.1969,0.6326,0.4427,0.5193,0.5614,0.457,0.2221,0.5939,0.185,0.3679,0.2,0.3161,0.4735,
500
1.1907,0.4444,0.6395,0.428,0.2703,0.639,1.1824,1.7977,0.8563,0.5553,1.1417,1.7044,1.0726,0.937,1.0304,0.7561,1.0935,0.4105,1.2225,0.5217,
1.2664,1.9138,0.9257,1.3268,0.8811,22.5462,1.5509,2.4894,1.3537,1.1416,2.4255,2.3708,1.4509,1.0707,1.6667,1.0863,1.2184,1.117,1.5559,1.9737,
1
0.007,0.0201,0.0081,0.005,0.0142,0.0063,0.0121,0.0055,0.0071,0.0103,0.0058,0.0054,0.0052,0.0054,0.0063,0.0053,0.0061,0.0057,0.0112,0.0084,
0.0761,0.1481,0.1739,0.1586,0.0906,0.098,0.689,0.0561,0.1231,0.1798,0.0873,0.064,0.0531,0.095,0.2357,0.1114,0.2395,0.0821,0.1345,0.1492,
5
0.0369,0.0145,0.0225,0.0162,0.1421,0.0722,0.0209,0.0227,0.0761,0.0133,0.0126,0.0468,0.0175,0.0229,0.0181,0.0079,0.0784,0.0325,0.0144,0.0053,
0.2168,0.0826,0.2376,0.3732,0.2426,0.1392,0.1461,0.0915,0.1232,0.1125,0.0684,0.1341,0.1487,0.3643,0.3744,0.1155,0.3083,0.1769,0.1157,0.0703,
