5
0.0155,0.0182,0.018,0.0137,0.0132,0.0128,0.0082,0.0146,0.0165,0.0188,0.0199,0.0209,0.016,0.0178,0.0156,0.009,0.0139,0.0119,0.0134,0.0135,
0.1076,0.1073,0.0794,0.1101,0.3524,0.0844,0.1146,0.0976,0.2041,0.0992,0.0576,0.1799,0.1031,0.4743,0.2344,0.135,0.0678,0.0632,0.0621,0.6376,
5000
3.4244,3.6575,4.0214,8.0905,4.6559,4.6755,3.4146,3.366,5.1383,3.8869,3.9,3.0706,5.5455,8.1167,6.8782,7.1226,905.5078,5.2291,6.2254,8.6546,
9.6993,9.4381,10.5785,11.4343,9.1983,10.7555,908.8389,10.6914,8.0995,9.8844,9.2569,7.9763,9.2091,8.9384,10.3887,9.5597,911.4644,11.8504,12.7704,10.9389,
1
0.0049,0.0108,0.0058,0.0071,0.004,0.0075,0.0055,0.0062,0.0064,0.0052,0.0178,0.0082,0.0061,0.1346,0.0045,0.0069,0.0051,0.0054,0.0059,0.0052,
0.4503,0.0811,0.3033,0.0875,0.1462,0.0946,0.2401,0.0956,0.5636,0.0891,0.2493,0.2587,0.148,0.1819,0.0522,0.0933,0.0888,0.1353,0.0571,0.0919,
50
0.2099,0.2502,0.1842,0.1042,0.1844,0.1548,0.1865,0.0337,0.0529,0.1235,0.1716,0.1759,0.0975,0.2668,0.131,0.254,0.1512,0.4111,0.1986,0.076,
0.3058,0.763,0.3554,0.3042,0.26,0.2318,0.3215,0.551,0.4562,0.1766,0.4124,0.2866,0.1676,0.3385,0.4219,0.3603,0.3918,1.0048,0.3015,0.3906,
50b
0.0065,0.0731,0.0163,0.0091,0.0065,0.0039,0.0038,0.0027,0.0024,0.0031,0.0047,0.0049,0.0163,0.0035,0.0032,0.0039,0.0051,0.0101,0.0059,0.0114,
0.4077,0.2825,0.599,0.298,0.064,0.2226,0.0702,0.1044,0.1447,0.0929,0.0825,0.0776,0.2802,0.3975,0.1138,0.3053,0.0656,0.1706,0.3038,0.4557,
500
0.5417,0.5676,1.2619,0.82,0.5539,0.4354,0.4247,900.5673,1.1466,0.7457,0.8382,0.6576,1.221,1.6417,0.9285,0.4068,0.4621,1.2791,1.561,0.5952,
1.3261,1.377,1.5361,1.5271,1.0658,2005.8858,1.0792,900.9732,1.4283,1.2075,1.3141,1.5267,1.4891,2.4942,1.3763,1.1531,1.2321,1.4308,1.872,0.8268,
10000
10.9275,7.1185,10.0568,7.7658,10.2686,8.4353,9.7093,8.5506,6.8622,11.9206,10.4027,909.9202,8.6594,9.4821,9.7728,915.7104,13.4172,10.2106,14.5445,12.2554,
12.646,1048.0895,16.1605,20.575,21.4443,22.4993,922.3978,16.7958,18.5732,22.1635,18.3057,922.5396,19.5264,23.6531,24.5135,926.254,22.0597,20.2332,17.861,21.1189,
